 &plot nbnd=  17, nks=    31 /
            0.000000  0.000000  0.000000
  -61.783  -35.920  -35.684  -35.684  -14.990  -13.741   -6.511   -3.371   -3.371   -2.754
   -2.262   -2.262   -1.030    1.942    1.942    2.122    2.122
            0.000000  0.057735  0.000000
  -61.782  -35.918  -35.694  -35.687  -14.952  -13.724   -6.465   -3.460   -3.331   -2.941
   -2.325   -2.133   -1.042    1.880    2.003    2.008    2.079
            0.000000  0.115470  0.000000
  -61.779  -35.912  -35.723  -35.693  -14.840  -13.676   -6.337   -3.702   -3.284   -3.213
   -2.497   -1.981   -1.091    1.725    1.759    1.962    2.185
            0.000000  0.173205  0.000000
  -61.775  -35.904  -35.767  -35.703  -14.659  -13.597   -6.146   -4.037   -3.665   -3.027
   -2.737   -1.954   -1.209    1.435    1.710    1.801    2.424
            0.000000  0.230940  0.000000
  -61.769  -35.893  -35.822  -35.716  -14.422  -13.494   -5.946   -4.386   -4.060   -3.005
   -2.789   -2.066   -1.414    1.251    1.631    1.809    2.676
            0.000000  0.288675  0.000000
  -61.763  -35.883  -35.880  -35.730  -14.142  -13.374   -5.841   -4.646   -4.459   -3.268
   -2.524   -2.259   -1.664    1.216    1.487    2.036    2.905
            0.000000  0.346410  0.000000
  -61.756  -35.944  -35.868  -35.744  -13.841  -13.245   -5.940   -4.847   -4.744   -3.505
   -2.462   -2.262   -1.850    1.304    1.394    2.325    3.089
            0.000000  0.404145  0.000000
  -61.751  -35.998  -35.857  -35.757  -13.545  -13.122   -6.180   -5.197   -4.778   -3.701
   -2.632   -2.034   -1.877    1.363    1.469    2.605    3.224
            0.000000  0.461880  0.000000
  -61.746  -36.040  -35.848  -35.767  -13.291  -13.018   -6.430   -5.478   -4.843   -3.847
   -2.752   -1.864   -1.755    1.383    1.667    2.824    3.313
            0.000000  0.519615  0.000000
  -61.744  -36.067  -35.843  -35.773  -13.115  -12.948   -6.611   -5.660   -4.915   -3.936
   -2.823   -1.763   -1.600    1.421    1.842    2.954    3.362
            0.000000  0.577350  0.000000
  -61.742  -36.076  -35.841  -35.775  -13.052  -12.924   -6.677   -5.723   -4.945   -3.966
   -2.845   -1.730   -1.530    1.440    1.917    2.996    3.377
            0.033000  0.576773  0.000000
  -61.742  -36.075  -35.841  -35.778  -13.046  -12.920   -6.660   -5.734   -4.939   -3.975
   -2.841   -1.872   -1.445    1.444    1.925    3.021    3.324
            0.066000  0.576196  0.000000
  -61.742  -36.071  -35.840  -35.786  -13.029  -12.909   -6.612   -5.765   -4.921   -3.995
   -2.830   -2.134   -1.345    1.448    1.951    3.082    3.191
            0.099000  0.575618  0.000000
  -61.741  -36.065  -35.839  -35.799  -13.003  -12.892   -6.532   -5.817   -4.892   -4.016
   -2.821   -2.452   -1.273    1.439    2.002    2.963    3.224
            0.132000  0.575041  0.000000
  -61.741  -36.056  -35.838  -35.816  -12.969  -12.870   -6.424   -5.887   -4.856   -4.027
   -2.824   -2.807   -1.217    1.403    2.083    2.750    3.366
            0.165000  0.574464  0.000000
  -61.740  -36.045  -35.836  -35.836  -12.929  -12.845   -6.289   -5.971   -4.818   -4.019
   -3.181   -2.845   -1.164    1.337    2.188    2.545    3.525
            0.198000  0.573886  0.000000
  -61.739  -36.032  -35.858  -35.835  -12.886  -12.819   -6.130   -6.060   -4.782   -3.989
   -3.554   -2.886   -1.105    1.247    2.306    2.368    3.683
            0.231000  0.573309  0.000000
  -61.738  -36.017  -35.882  -35.833  -12.845  -12.793   -6.146   -5.954   -4.759   -3.940
   -3.903   -2.946   -1.036    1.142    2.230    2.426    3.824
            0.264000  0.572731  0.000000
  -61.738  -36.002  -35.905  -35.832  -12.809  -12.772   -6.218   -5.769   -4.772   -4.192
   -3.881   -3.018   -0.963    1.039    2.134    2.533    3.934
            0.297000  0.572154  0.000000
  -61.737  -35.987  -35.925  -35.831  -12.783  -12.757   -6.268   -5.595   -4.855   -4.358
   -3.825   -3.083   -0.901    0.957    2.080    2.612    4.004
            0.330000  0.571577  0.000000
  -61.737  -35.979  -35.936  -35.831  -12.772  -12.751   -6.289   -5.498   -4.938   -4.401
   -3.797   -3.115   -0.872    0.922    2.062    2.646    4.030
            0.297000  0.514419  0.000000
  -61.738  -35.997  -35.907  -35.833  -12.827  -12.779   -6.197   -5.748   -4.660   -4.306
   -3.909   -2.974   -1.001    1.059    2.108    2.491    3.944
            0.264000  0.457261  0.000000
  -61.741  -36.006  -35.867  -35.837  -12.984  -12.856   -5.954   -5.944   -4.476   -4.087
   -3.968   -2.701   -1.255    1.264    2.148    2.157    3.781
            0.231000  0.400104  0.000000
  -61.745  -35.995  -35.846  -35.828  -13.241  -12.974   -5.986   -5.542   -4.478   -4.209
   -3.499   -2.406   -1.485    1.258    1.854    2.120    3.621
            0.198000  0.342946  0.000000
  -61.751  -35.961  -35.858  -35.791  -13.567  -13.120   -5.880   -5.029   -4.580   -4.218
   -3.054   -2.142   -1.632    1.058    1.713    1.977    3.468
            0.165000  0.285788  0.000000
  -61.758  -35.911  -35.871  -35.759  -13.921  -13.275   -5.762   -4.667   -4.498   -4.047
   -2.752   -1.944   -1.673    0.985    1.604    1.794    3.256
            0.132000  0.228631  0.000000
  -61.765  -35.886  -35.850  -35.732  -14.264  -13.425   -5.825   -4.532   -4.106   -3.597
   -2.750   -1.834   -1.520    1.100    1.582    1.654    2.956
            0.099000  0.171473  0.000000
  -61.772  -35.899  -35.787  -35.711  -14.563  -13.555   -6.050   -4.183   -3.760   -3.054
   -2.951   -1.822   -1.279    1.326    1.618    1.710    2.603
            0.066000  0.114315  0.000000
  -61.778  -35.910  -35.734  -35.696  -14.795  -13.656   -6.286   -3.790   -3.375   -3.169
   -2.614   -1.914   -1.116    1.642    1.706    1.909    2.268
            0.033000  0.057158  0.000000
  -61.782  -35.917  -35.697  -35.687  -14.940  -13.719   -6.452   -3.486   -3.319   -2.985
   -2.348   -2.103   -1.046    1.862    1.971    2.029    2.065
            0.000000  0.000000  0.000000
  -61.783  -35.920  -35.684  -35.684  -14.990  -13.741   -6.511   -3.371   -3.371   -2.754
   -2.262   -2.262   -1.030    1.942    1.942    2.122    2.122
